1,0.0099134,0.033429,-0.0057636,-0.029279,-0.052795,0.0099134,-0.021441,-0.029279,-0.060633,-0.091987,-0.013602,-0.060633,-0.013602,-0.07631,-0.060633,-0.12334,-0.084149,-0.068472,-0.037118,-0.07631,-0.060633,-0.12334,-0.060633,-0.091987,-0.068472,-0.10766,-0.099826,-0.14686,-0.029279,0.0099134,0.096137,0.12749,0.16668,0.2921,0.41752,0.11965,-0.084149,-0.07631,-0.2174,-0.19389,-0.27227,-0.24092,-0.31147,-0.30363,-0.24092,-0.20956,-0.1547,-0.2174,-0.091987,0.66051,2.8318,5.0266,0.91918,-4.9362,-6.1198,-4.3326,-2.42,-1.0718,-0.44472,-0.33498,-0.14686,-0.12334,-0.052795,0.0020749,-0.0057636,-0.044956,0.02559,0.12749
1,0.073039,0.032245,0.040404,0.048563,0.032245,0.052642,0.040404,0.015928,0.015928,0.0036894,-0.00038994,-0.0085487,-0.016707,-0.012628,-0.0085487,-0.049343,-0.020787,-0.045263,-0.053422,-0.057501,-0.061581,-0.086057,-0.090136,-0.057501,-0.073819,-0.090136,-0.073819,-0.10645,-0.081978,-0.077898,-0.098295,-0.098295,-0.06566,-0.016707,0.048563,0.056721,0.081198,0.15871,-0.098295,-0.15133,-0.18804,-0.21252,-0.18804,-0.26555,-0.26555,-0.24107,-0.26963,-0.26555,-0.24923,-0.27371,-0.24923,-0.18804,0.073039,1.5906,1.101,-1.5383,-4.5367,-5.271,-3.4801,-1.8687,-0.80811,-0.37161,-0.22884,-0.11869,-0.073819,-0.012628,0.0036894,0.048563
2,1.9088,0.36896,0.34081,0.32204,0.3502,0.3502,0.37835,0.33143,0.37835,0.27512,0.3502,0.29389,0.38773,0.31266,0.3502,0.31266,0.30327,0.24696,0.23758,0.20004,0.20943,0.26573,0.23758,0.25635,0.18127,0.18127,0.22819,0.19066,0.18127,0.17189,0.17189,0.13435,0.1625,0.11558,0.05927,0.05927,0.3502,0.31266,0.41589,0.031116,-0.12842,-0.16596,-0.2035,-0.29735,-0.18473,-0.015808,0.012347,-0.090885,-0.043962,-0.025192,0.021731,-0.025192,0.012347,0.0029618,0.021731,0.69743,0.4722,-3.4037,-6.1628,-5.9657,-4.2483,-2.5684,-1.5549,-0.74781,-0.18473,-0.053346,0.087424,0.087424
2,-0.48046,-0.47018,-0.37762,-0.42904,-0.42904,-0.44961,-0.37762,-0.31592,-0.44961,-0.31592,-0.40847,-0.33649,-0.33649,-0.2645,-0.28507,-0.28507,-0.27479,-0.2645,-0.21308,-0.21308,-0.18223,-0.13081,-0.13081,-0.038261,-0.079396,-0.079396,-0.099964,0.013157,-0.0074103,0.033725,0.044008,0.054292,0.13656,0.28053,0.28053,0.31138,0.13656,0.023441,-0.017694,-0.08968,-0.017694,0.19826,0.15713,0.14685,0.20855,0.21883,0.2394,0.2394,0.28053,0.33195,0.88727,1.4015,-2.6195,-5.4681,-5.9308,-3.9358,-2.4035,-1.2929,-0.45989,0.15713,0.32167,0.45536,0.49649,0.51706,0.54791,0.55819,0.54791,0.6816
1,0.33531,0.29816,0.29816,0.28887,0.30745,0.22386,0.24243,0.26101,0.15884,0.26101,0.25172,0.21457,0.23314,0.15884,0.21457,0.20528,0.20528,0.22386,0.17742,0.20528,0.21457,0.15884,0.20528,0.14027,0.15884,0.12169,0.084544,0.10312,0.13098,0.084544,0.047394,0.065969,0.19599,0.31673,0.32602,0.27958,-0.10121,-0.26838,-0.26838,-0.23123,-0.15693,-0.036194,-0.073344,-0.10121,-0.10121,-0.017619,-0.017619,-0.045482,-0.026907,0.00095607,-0.0083315,0.30745,1.2734,-1.9216,-5.3765,-6.0545,-4.1413,-2.5531,-1.4665,-0.69561,-0.15693,0.028819,0.14027,0.14027,0.17742,0.16813,0.22386,0.21457
2,0.24689,0.24689,0.27225,0.25196,0.20632,0.19618,0.24182,0.19618,0.18603,0.12011,0.10997,0.10997,0.14039,0.08968,0.04911,0.094751,0.12518,0.04911,0.094751,0.084609,0.018682,0.01361,0.054181,0.0034679,0.044038,0.038967,0.044038,0.069395,0.12518,0.18603,0.24182,0.25196,0.31282,0.27732,0.13025,-0.0066747,-0.062459,-0.16389,-0.12839,-0.15881,-0.19938,-0.19938,-0.16389,-0.15881,-0.17403,-0.1436,-0.16389,0.11504,1.6161,3.8069,1.961,-3.014,-6.3915,-5.4076,-3.4146,-1.7918,-0.76737,-0.42252,-0.2501,-0.16389,-0.082744,-0.082744,-0.042174,0.0085392,0.038967,0.033896,0.10997,0.14039
2,-0.53259,-0.48285,-0.49943,-0.48285,-0.45798,-0.47456,-0.43311,-0.45798,-0.42482,-0.4414,-0.4414,-0.42482,-0.42482,-0.42482,-0.42482,-0.44969,-0.40824,-0.43311,-0.40824,-0.49114,-0.48285,-0.39166,-0.40824,-0.42482,-0.40824,-0.39995,-0.37508,-0.42482,-0.35021,-0.40824,-0.37508,-0.39166,-0.40824,-0.22585,-0.10979,-0.084915,-0.20927,-0.42482,-0.59063,-0.64866,-0.68182,-0.59063,-0.39995,-0.41653,-0.3585,-0.3585,-0.35021,-0.30875,-0.29217,-0.28388,-0.24243,-0.28388,-0.14295,0.77728,-1.0051,-3.998,-6.1286,-4.4456,-3.2601,-2.0995,-1.1212,-0.49114,-0.14295,-0.084915,-0.0020116,0.022859,0.097472,0.13063
1,0.1623,0.12309,0.1511,0.11748,0.17351,0.11188,0.13429,0.14549,0.10068,0.10068,0.10068,0.067063,0.078267,0.033449,0.078267,0.078267,0.027847,0.044653,0.06146,0.016642,0.01104,0.06146,0.022244,0.01104,0.033449,0.055858,0.033449,0.0054375,-0.011369,-0.050585,-0.039381,0.016642,0.0054375,-0.028176,0.095074,0.17351,0.1623,0.20712,0.30796,0.1567,-0.022574,-0.078597,-0.19624,-0.067392,-0.25787,-0.25227,-0.22426,-0.20185,-0.25227,-0.19064,-0.21305,-0.15143,-0.15143,0.016642,1.0979,3.1203,1.0531,-3.2495,-6.0002,-4.9694,-2.9246,-1.3503,-0.54919,-0.27468,-0.17944,-0.11781,-0.044983,-0.016972
2,0.21071,0.23166,0.23689,0.2526,0.24737,0.26307,0.22642,0.21595,0.20024,0.1793,0.15312,0.16882,0.12694,0.13741,0.11646,0.12694,0.09552,0.09552,0.11646,0.090284,0.09552,0.074576,0.069339,0.069339,0.090284,0.074576,0.058867,0.074576,0.064103,0.13741,0.22119,0.26307,0.30496,0.34685,0.39921,0.19501,0.053631,0.048395,-0.056326,-0.0039656,-0.10869,-0.087743,-0.087743,-0.066798,-0.087743,-0.040618,-0.030146,-0.030146,-0.0092016,0.68196,2.6926,3.499,-0.077271,-4.9521,-6.4758,-4.4599,-2.6848,-1.1611,-0.49616,-0.28671,-0.18199,-0.10869,-0.087743,-0.05109,0.016979,0.069339,0.09552,0.16882
1,0.23385,0.23385,0.18936,0.27834,0.21605,0.23385,0.19825,0.22495,0.20715,0.17156,0.19825,0.22495,0.18046,0.15376,0.14486,0.12707,0.17156,0.14486,0.16266,0.16266,0.17156,0.14486,0.10927,0.13596,0.15376,0.11817,0.16266,0.073675,0.12707,0.073675,0.073675,0.046979,0.038081,0.29614,0.33173,0.34953,0.13596,-0.086499,-0.27337,-0.24667,-0.068702,-0.068702,-0.024209,-0.059803,-0.068702,-0.0064122,-0.024209,-0.059803,0.011385,0.038081,0.020283,0.020283,0.37623,1.2127,-2.409,-5.3811,-5.8528,-4.251,-2.2044,-1.2967,-0.57592,-0.068702,0.064776,0.15376,0.11817,0.26054,0.22495,0.27834
1,-0.040022,0.0071592,0.00287,-0.018576,-0.052889,-0.022865,-0.057179,-0.10865,-0.065757,-0.082914,-0.10865,-0.10436,-0.12581,-0.12152,-0.078625,-0.13438,-0.12152,-0.13867,-0.15583,-0.14296,-0.16441,-0.15583,-0.17299,-0.1687,-0.18585,-0.17728,-0.18585,-0.17728,-0.2073,-0.18157,-0.19872,-0.2073,-0.10436,-0.095781,-0.031444,-0.040022,-0.065757,-0.21588,-0.2459,-0.25877,-0.31024,-0.26735,-0.29308,-0.28879,-0.30595,-0.31453,-0.30595,-0.26735,-0.31453,-0.26735,-0.28451,-0.1687,1.1996,0.59478,-2.0173,-3.7845,-4.7839,-3.3942,-1.8758,-0.83352,-0.37458,-0.20301,-0.13438,-0.070046,-0.044311,0.00287,0.020027,0.062919
1,0.13,0.1257,0.10851,0.1257,0.065508,0.065508,0.056908,0.056908,0.056908,0.03111,0.065508,0.013911,-0.084983,0.056908,0.03111,0.03541,-0.024787,-0.016187,0.02251,-0.0075878,-0.003288,-0.003288,-0.033386,-0.037686,-0.0075878,-0.041986,-0.063485,-0.076384,-0.072084,-0.020487,-0.029087,0.069808,0.052609,0.095606,0.1558,-0.020487,-0.10648,-0.17098,-0.22258,-0.19248,-0.23117,-0.26127,-0.25697,-0.28277,-0.26127,-0.23547,-0.23547,-0.27847,-0.23547,0.056908,1.4887,1.4371,-1.3534,-4.4664,-5.3307,-3.7398,-1.9425,-0.85034,-0.39886,-0.23547,-0.14518,-0.076384,-0.050585,0.013911,0.039709,0.061208,0.087007,0.1343
1,0.02695,0.010514,-0.01414,-0.0018128,0.0022962,-0.010031,-0.030576,-0.026467,-0.059338,-0.0018128,-0.05112,-0.042903,-0.059338,-0.047012,-0.059338,-0.067556,-0.071665,-0.059338,-0.10865,-0.067556,-0.083992,-0.096319,-0.096319,-0.09221,-0.10454,-0.15384,-0.075774,-0.12097,-0.059338,0.0022962,0.010514,0.092694,0.0022962,-0.026467,-0.16617,-0.18261,-0.22781,-0.19904,-0.22781,-0.23192,-0.24424,-0.28122,-0.23602,-0.24424,-0.24835,-0.21548,-0.23602,-0.25246,0.48305,1.1775,-1.0907,-2.9603,-4.834,-4.0656,-2.3316,-1.0743,-0.46202,-0.22781,-0.12919,-0.079883,-0.026467,0.031059,0.02695,0.096803,0.088585,0.16666,0.20774,0.23651
2,1.9042,0.21214,0.16618,0.19835,0.19375,0.23052,0.20295,0.22133,0.19835,0.20295,0.19375,0.17996,0.15239,0.1386,0.12021,0.134,0.092633,0.092633,0.055862,0.074248,0.051266,0.037477,0.014495,0.046669,0.028284,0.023687,0.0098983,0.023687,0.028284,0.03288,0.019091,0.019091,-0.0038909,0.014495,0.0098983,0.09723,0.14319,0.21214,0.17537,0.16158,-0.0084873,-0.036066,-0.10501,-0.1188,-0.1234,-0.15098,-0.17396,-0.14178,-0.17855,-0.14638,-0.16936,-0.13259,-0.14638,-0.14178,0.046669,1.8117,0.48792,-2.0171,-4.6049,-5.708,-3.9798,-2.3572,-1.1668,-0.50949,-0.26129,-0.15098,-0.1142,-0.054451
2,0.17533,0.18828,0.1926,0.20986,0.1926,0.18828,0.16238,0.14081,0.12786,0.10628,0.089015,0.093331,0.067435,0.058804,0.045856,0.050172,0.032909,0.037224,0.019961,0.037224,0.0070133,0.0026974,-0.023198,-0.023198,-0.014566,-0.040461,0.0070133,-0.018882,0.028593,0.11059,0.14081,0.19691,0.20123,0.22281,0.019961,-0.092252,-0.11383,-0.15699,-0.13541,-0.18289,-0.17425,-0.20878,-0.20446,-0.19152,-0.17857,-0.14836,-0.16562,-0.13973,0.58966,2.1045,0.96514,-2.2502,-5.5605,-5.9834,-3.8341,-2.2157,-1.0072,-0.41594,-0.22173,-0.12678,-0.066357,-0.0059343,-0.01025,0.067435,0.093331,0.15807,0.20123,0.31344
2,0.76139,0.66669,0.71404,0.63828,0.68563,0.67616,0.67616,0.60041,0.60988,0.55306,0.58147,0.52465,0.55306,0.50571,0.572,0.49624,0.50571,0.45836,0.50571,0.50571,0.48677,0.42996,0.45836,0.40155,0.45836,0.39208,0.42049,0.36367,0.42996,0.33526,0.55306,0.59094,0.68563,0.43942,0.26897,0.070116,-0.015109,0.022768,0.032238,0.10799,0.25004,0.21216,0.22163,0.20269,0.2595,0.18375,0.24057,0.16481,0.19322,0.33526,1.3674,-0.99046,-4.2385,-6.5112,-4.693,-3.3957,-2.0416,-0.99046,-0.39389,-0.10033,0.1364,0.11746,0.21216,0.18375,0.19322,0.19322,0.24057,0.16481
1,-0.073806,-0.10615,-0.069763,-0.089976,-0.098061,-0.11827,-0.073806,-0.094018,-0.053593,-0.11019,-0.10615,-0.12636,-0.11019,-0.14253,-0.12232,-0.13444,-0.11827,-0.23146,-0.11019,-0.14253,-0.13444,-0.14253,-0.13444,-0.17083,-0.15061,-0.15466,-0.1587,-0.14253,-0.17487,-0.11019,-0.065721,-0.041466,0.043427,-0.029338,-0.1021,-0.20317,-0.24359,-0.23955,-0.25572,-0.27189,-0.27189,-0.28806,-0.28806,-0.35274,-0.25976,-0.24359,-0.24359,-0.23146,-0.28402,0.67406,1.0055,-1.3795,-3.3078,-4.7914,-3.8616,-2.1759,-1.0076,-0.42146,-0.23551,-0.1021,-0.065721,-0.025295,0.011087,0.043427,0.09598,0.13236,0.18087,0.20109
1,0.27343,0.29648,0.30416,0.21196,0.25806,0.22733,0.22733,0.1966,0.18123,0.21965,0.21965,0.12745,0.20428,0.13513,0.13513,0.13513,0.11977,0.089033,0.058301,0.14281,0.13513,0.089033,0.11977,0.042935,0.11208,0.11977,0.089033,0.08135,0.13513,0.18891,0.31184,0.28879,0.36562,0.57307,0.22733,0.1044,0.042935,-0.033896,-0.033896,-0.15682,-0.15682,-0.09536,-0.15682,-0.15682,-0.11073,-0.14146,-0.11841,0.012203,0.42709,2.0713,5.4211,2.7551,-3.1609,-5.8653,-4.8742,-2.8536,-1.1479,-0.51025,-0.34122,-0.17987,-0.10304,-0.026213,0.012203,0.065984,-0.01853,0.089033,0.13513,0.16586
1,0.96857,-0.12448,-0.14073,-0.12448,-0.15156,-0.1624,-0.18948,-0.16781,-0.16781,-0.18948,-0.17323,-0.25988,-0.17864,-0.19489,-0.19489,-0.25447,-0.19489,-0.16781,-0.20031,-0.18406,-0.22739,-0.22197,-0.22197,-0.18948,-0.21656,-0.2328,-0.18948,-0.22197,-0.25447,-0.24905,-0.24905,-0.23822,-0.22197,-0.2653,-0.1299,-0.043242,-0.010745,-0.010745,0.097576,0.06508,-0.10282,-0.2653,-0.31946,-0.29238,-0.36279,-0.39529,-0.36821,-0.33571,-0.4007,-0.33029,-0.30863,-0.32488,-0.2653,-0.25447,0.51461,2.2532,2.1394,-1.4352,-5.7085,-5.5785,-3.607,-1.9389,-0.82316,-0.44403,-0.27613,-0.13531,-0.091986,-0.075738
1,0.0034428,0.019776,0.041554,-0.040113,-0.029224,-0.051002,-0.01289,-0.045557,-0.11089,-0.083668,-0.072779,-0.040113,-0.034668,-0.072779,-0.1,-0.045557,-0.072779,-0.078224,-0.072779,-0.15445,-0.045557,-0.078224,-0.072779,-0.12722,-0.12722,-0.12722,-0.11633,-0.11633,-0.10545,-0.034668,0.063332,0.0088872,0.063332,0.16133,0.22666,-0.0020016,-0.149,-0.18167,-0.16533,-0.20345,-0.28511,-0.26878,-0.30689,-0.21433,-0.20345,-0.29056,-0.17078,-0.22522,-0.16533,0.62411,2.7039,2.4534,-1.0419,-5.6751,-5.4029,-3.3993,-1.717,-0.72067,-0.36678,-0.23067,-0.11633,-0.083668,-0.0020016,-0.0074461,0.025221,0.057887,0.10144,0.16678
1,0.045691,-0.0094219,-0.027793,-0.07372,-0.027793,-0.082906,-0.082906,-0.092091,-0.11965,-0.10128,-0.12883,-0.11965,-0.13802,-0.12424,-0.15639,-0.12883,-0.13343,-0.10128,-0.11965,-0.13802,-0.2115,-0.12424,-0.17476,-0.15639,-0.16098,-0.17476,-0.18854,-0.17935,-0.18395,-0.17017,-0.19772,-0.16557,-0.15639,-0.092091,-0.0094219,0.013542,0.0089491,-0.055349,-0.20691,-0.23447,-0.28039,-0.32632,-0.26202,-0.28958,-0.29417,-0.29876,-0.28039,-0.27121,-0.28958,-0.26202,-0.24365,-0.25743,0.11917,1.7496,-0.092091,-2.4941,-4.4552,-4.7675,-2.8569,-1.5342,-0.66159,-0.29876,-0.11965,-0.064535,-0.027793,0.018135,0.036505,0.064062
2,0.22887,0.23915,0.26486,0.28542,0.24429,0.28028,0.27,0.25972,0.21859,0.20316,0.16717,0.1826,0.15175,0.13118,0.12604,0.11576,0.079767,0.12604,0.069485,0.074626,0.064343,0.064343,0.059202,0.084909,0.038636,0.064343,0.043778,0.033495,0.028353,0.012929,-0.017919,-0.0024951,0.059202,0.12604,0.15175,0.2083,0.25972,0.25972,0.069485,-0.079616,-0.12075,-0.15674,-0.22872,-0.21329,-0.21843,-0.23386,-0.24928,-0.22872,-0.21843,-0.21843,-0.20301,-0.14645,0.88183,3.1338,2.4397,-1.5809,-6.2287,-6.1413,-4.0796,-2.3161,-1.0411,-0.54748,-0.38296,-0.26471,-0.21329,-0.20301,-0.16702,-0.12589
1,-0.21603,-0.19375,-0.18817,-0.15475,-0.18817,-0.2216,-0.16032,-0.19932,-0.1826,-0.17146,-0.1826,-0.20489,-0.14918,-0.19932,-0.17703,-0.17703,-0.20489,-0.24945,-0.19932,-0.15475,-0.17146,-0.14361,-0.17146,-0.17146,-0.20489,-0.19375,-0.14361,-0.15475,-0.11018,-0.1269,-0.060049,0.029082,0.034653,0.056936,0.17392,0.029082,-0.015483,-0.16589,-0.28288,-0.19375,-0.34415,-0.25502,-0.26616,-0.29959,-0.2216,-0.27731,-0.26059,-0.17703,-0.14918,0.079218,1.3103,3.2601,0.98167,-3.3356,-5.8201,-4.6949,-2.6393,-1.1241,-0.44443,-0.26059,-0.15475,-0.082332,-0.0043419,0.051365,0.068077,0.062506,0.12378,0.18506