1,0.064783,0.11965,0.15884,0.25291,0.33913,0.35481,0.42535,0.67619,0.76241,0.87999,1.1308,1.0916,1.2641,1.1543,1.1465,0.98973,0.76241,0.55077,0.36265,0.22939,0.11965,0.08046,0.02559,0.033429,0.049106,0.0099134,0.064783,0.096137,0.096137,0.11965,0.14317,0.1902,0.11965,0.072621,0.19804,0.096137,0.10398,0.041267,-0.013602,0.0099134,0.08046,-0.013602,-0.021441,0.0099134,-0.07631,-0.14686,-0.060633,0.033429,-0.060633,-0.0057636,-0.060633,0.0020749,-0.068472,0.0099134,-0.029279,-0.029279,-0.052795,-0.037118,-0.091987,0.0020749,-0.044956,-0.060633,-0.068472,0.0020749,-0.029279,-0.1155,0.0020749,0.02559
1,0.040404,0.12199,0.18726,0.22806,0.28517,0.34636,0.41979,0.53809,0.65231,0.81549,1.0358,1.2969,1.6069,1.9414,2.2881,2.6104,2.8756,2.9653,2.847,2.4513,1.8965,1.2561,0.68903,0.34636,0.10975,-0.033025,-0.11461,-0.13909,-0.16357,-0.15949,-0.14725,-0.13093,-0.11461,-0.086057,-0.10645,-0.10645,-0.090136,-0.073819,-0.098295,-0.14725,-0.13909,-0.16357,-0.2166,-0.18396,-0.23291,-0.24107,-0.27779,-0.26963,-0.29003,-0.28187,-0.30634,-0.33082,-0.3145,-0.33898,-0.3553,-0.3553,-0.36346,-0.3553,-0.37161,-0.37161,-0.42057,-0.36346,-0.38793,-0.38793,-0.40425,-0.38793,-0.37569,-0.40425
2,0.087424,0.12496,0.18127,0.049885,0.13435,0.12496,0.14373,0.2845,0.38773,0.41589,0.48158,0.67866,0.85697,1.0447,1.2136,1.3637,1.467,1.4576,1.3731,0.96959,0.65051,0.2845,0.20004,0.031116,-0.053346,0.0029618,0.05927,-0.072116,-0.062731,-0.0815,-0.10027,-0.13781,-0.043962,-0.034577,0.12496,0.068655,0.068655,0.021731,0.11558,0.031116,0.049885,-0.072116,-0.034577,-0.10027,-0.0064229,-0.034577,0.049885,-0.12842,0.021731,-0.14719,-0.034577,-0.034577,0.040501,-0.043962,-0.090885,-0.062731,-0.025192,-0.10027,-0.062731,-0.0815,0.021731,0.15312,0.14373,0.33143,0.0029618,-0.29735,-0.27858,-0.35366
2,0.6199,0.60961,0.71245,0.7433,0.805,0.90784,1.0724,1.2678,1.4529,1.6483,1.8745,1.9671,1.9465,1.7922,1.4632,1.0621,0.70217,0.45536,0.31138,0.27025,0.21883,0.18798,0.1777,0.14685,0.13656,0.064576,0.22911,0.19826,0.20855,0.13656,0.15713,0.16741,0.13656,0.10571,0.13656,0.12628,0.10571,0.054292,0.074859,0.044008,0.054292,0.023441,0.0028734,0.0028734,0.0028734,-0.038261,-0.048545,-0.079396,-0.058829,-0.08968,-0.099964,-0.12053,-0.12053,-0.1411,-0.11025,-0.11025,0.044008,0.12628,-0.11025,-0.23365,-0.33649,-0.40847,-0.5833,-0.51131,-0.38791,-0.36734,-0.37762,-0.36734
1,0.21457,0.25172,0.32602,0.26101,0.40961,0.38175,0.54892,0.52106,0.66037,0.74396,0.939,1.1619,1.3291,1.6449,1.8678,2.0814,2.2485,2.1557,1.9049,1.422,0.89256,0.4932,0.20528,0.056681,-0.017619,-0.10121,-0.064057,-0.10121,-0.20337,-0.10121,-0.026907,-0.091919,-0.10121,-0.054769,-0.073344,-0.064057,-0.064057,-0.11978,-0.082632,-0.19408,-0.017619,-0.15693,-0.19408,-0.15693,-0.23123,-0.16622,-0.21266,-0.22195,-0.23123,-0.28696,-0.17551,-0.23123,-0.31482,-0.28696,-0.26838,-0.28696,-0.34268,-0.2591,-0.30553,-0.37983,-0.3334,-0.35197,-0.32411,-0.31482,-0.35197,-0.32411,-0.37983,-0.4077
2,0.28746,0.37367,0.52581,0.73374,0.94166,1.1648,1.3524,1.4741,1.5654,1.5705,1.4386,1.1445,0.85038,0.59174,0.3331,0.21646,0.10997,0.04911,-0.016817,-0.02696,-0.06753,-0.011746,-0.021889,-0.02696,0.018682,0.0085392,0.028824,0.033896,0.023753,0.059252,0.038967,0.023753,0.0034679,-0.037103,-0.011746,-0.037103,-0.06753,-0.057388,-0.047245,-0.11317,-0.1081,-0.1081,-0.13853,-0.1081,-0.12839,-0.12839,-0.13346,-0.12839,-0.1081,-0.15881,-0.13346,-0.1791,-0.1791,-0.082744,0.0085392,0.059252,0.084609,0.12011,0.20632,-0.042174,-0.17403,-0.17403,-0.30588,-0.27038,-0.33124,-0.33124,-0.3211,-0.32617
2,0.11405,0.18867,0.13063,0.18038,0.28815,0.34618,0.4208,0.52028,0.60318,0.79386,0.96796,1.1669,1.3493,1.4405,1.6395,1.6229,1.3493,1.0592,0.78557,0.53686,0.37934,0.35447,0.33789,0.3296,0.26328,0.26328,0.29644,0.33789,0.37934,0.36276,0.45396,0.43738,0.43738,0.45396,0.46225,0.57831,0.57002,0.53686,0.54515,0.57831,0.56173,0.5866,0.63634,0.66122,0.68609,0.61976,0.61147,0.66951,0.60318,0.66122,0.57831,0.62805,0.66951,0.69438,0.71096,0.69438,0.64463,0.69438,0.76899,0.72754,0.8436,0.95138,0.99283,0.83531,0.75241,0.60318,0.57831,0.49541
1,0.055858,0.089472,0.039051,0.072665,0.083869,0.20152,0.26314,0.31356,0.4144,0.50404,0.59368,0.79536,0.95222,1.2547,1.4844,1.7926,2.0111,2.252,2.2632,2.1567,2.0335,1.5741,1.0923,0.68331,0.31356,0.11748,-0.028176,-0.12902,-0.16823,-0.12341,-0.16263,-0.11781,-0.06179,-0.10661,-0.067392,-0.067392,-0.022574,-0.022574,-0.095404,-0.050585,-0.10661,-0.12341,-0.12902,-0.16823,-0.18504,-0.16823,-0.21865,-0.21865,-0.22426,-0.25787,-0.28588,-0.30829,-0.30829,-0.3419,-0.36992,-0.34751,-0.38112,-0.38112,-0.40353,-0.35311,-0.38672,-0.42034,-0.44274,-0.44835,-0.42594,-0.42594,-0.43154,-0.40913
2,0.20024,0.29449,0.37303,0.51441,0.66625,0.85475,1.0642,1.2632,1.4202,1.504,1.5197,1.4778,1.2841,1.0014,0.69767,0.45681,0.26831,0.15312,0.048395,0.0065066,-0.0092016,-0.030146,-0.05109,-0.05109,-0.061562,-0.014438,-0.040618,0.0065066,0.032687,0.048395,0.022215,0.011743,-0.040618,-0.014438,-0.056326,-0.0039656,-0.11392,-0.15058,-0.10869,-0.087743,-0.1244,-0.1244,-0.19246,-0.16105,-0.17152,-0.21864,-0.21864,-0.20294,-0.20294,-0.22388,-0.28671,-0.24482,-0.25006,-0.30242,-0.29719,-0.30242,-0.23959,-0.10345,-0.10345,-0.077271,-0.040618,0.032687,-0.19246,-0.23959,-0.31813,-0.42809,-0.40191,-0.4438
1,0.23385,0.33173,0.32283,0.26944,0.39402,0.42962,0.42072,0.46521,0.58979,0.73217,0.85675,1.0258,1.2216,1.4618,1.7377,1.9424,2.1915,2.1915,2.2449,1.8445,1.3462,0.80336,0.39402,0.12707,0.011385,-0.1043,-0.11319,-0.068702,-0.11319,-0.13099,-0.024209,-0.059803,-0.14879,-0.086499,-0.068702,-0.024209,-0.033108,-0.050905,-0.12209,-0.15769,-0.12209,-0.13989,-0.17548,-0.18438,-0.21998,-0.21998,-0.30006,-0.22888,-0.23777,-0.31786,-0.27337,-0.32676,-0.30006,-0.36235,-0.28227,-0.30006,-0.31786,-0.37125,-0.38905,-0.38905,-0.30896,-0.32676,-0.34456,-0.37125,-0.42464,-0.37125,-0.34456,-0.48693
1,0.097232,0.14012,0.16586,0.27309,0.33314,0.40176,0.52615,0.6634,0.82639,1.0666,1.3325,1.6971,2.0617,2.4563,2.7866,3.1511,3.297,3.1683,2.7694,2.1818,1.4826,0.865,0.43179,0.15299,0.037183,-0.057179,-0.082914,-0.10007,-0.11723,-0.10865,-0.091492,-0.065757,-0.10865,-0.0057084,-0.022865,-0.027154,-0.044311,-0.070046,-0.074335,-0.10007,-0.13009,-0.13009,-0.13438,-0.17299,-0.17299,-0.19014,-0.20301,-0.21588,-0.25019,-0.28022,-0.27164,-0.26735,-0.25877,-0.30166,-0.23304,-0.31024,-0.27593,-0.29308,-0.34026,-0.31882,-0.33169,-0.33169,-0.30595,-0.31024,-0.3274,-0.31882,-0.3274,-0.34884
1,0.1429,0.2461,0.30199,0.37939,0.46968,0.57718,0.77497,0.97705,1.2436,1.5403,1.88,2.2326,2.525,2.7915,2.942,2.8216,2.4433,1.88,1.2436,0.71047,0.35789,0.1171,-0.003288,-0.063485,-0.10218,-0.12368,-0.089283,-0.11508,-0.10648,-0.029087,-0.067784,-0.072084,-0.059185,-0.046286,-0.072084,-0.089283,-0.12368,-0.13658,-0.17958,-0.20968,-0.21828,-0.25267,-0.25697,-0.26127,-0.26987,-0.27847,-0.29567,-0.29137,-0.31287,-0.32147,-0.32577,-0.35587,-0.33867,-0.35587,-0.34727,-0.33867,-0.34727,-0.39886,-0.39457,-0.38167,-0.36447,-0.38167,-0.39027,-0.41606,-0.40746,-0.42036,-0.40746,-0.41606
1,0.31047,0.39676,0.49948,0.60632,0.78711,0.98845,1.2514,1.5678,1.9212,2.2828,2.6772,3.0101,3.2402,3.2566,2.9854,2.3978,1.6911,1.0624,0.54468,0.20364,0.06804,-0.047012,-0.12097,-0.10865,-0.12919,-0.12097,-0.14974,-0.10454,-0.10043,-0.083992,-0.12508,-0.083992,-0.10043,-0.11276,-0.12919,-0.11686,-0.15384,-0.14152,-0.1785,-0.21137,-0.24835,-0.24835,-0.28944,-0.28533,-0.28944,-0.32231,-0.32231,-0.31409,-0.33875,-0.33875,-0.33875,-0.34286,-0.35108,-0.36751,-0.38395,-0.39217,-0.36751,-0.39217,-0.37573,-0.38395,-0.4086,-0.41682,-0.38395,-0.37573,-0.41271,-0.40038,-0.41271,-0.42504
2,-0.026873,-0.0084873,0.037477,0.11102,0.17996,0.28109,0.36842,0.49712,0.66718,0.93377,1.2096,1.5405,1.8531,2.1794,2.4368,2.5793,2.5471,2.3035,1.8117,1.2279,0.69016,0.32245,0.092633,-0.026873,-0.10501,-0.16017,-0.16476,-0.17855,-0.19234,-0.16476,-0.18315,-0.14638,-0.1188,-0.13719,-0.12799,-0.12799,-0.13719,-0.12799,-0.13719,-0.14638,-0.19694,-0.18775,-0.22452,-0.20613,-0.25669,-0.22911,-0.26589,-0.26589,-0.29806,-0.26589,-0.29346,-0.28427,-0.31185,-0.26129,-0.29806,-0.32104,-0.31645,-0.31185,-0.32564,-0.33943,-0.36241,-0.30725,-0.23371,-0.18775,-0.12799,-0.13719,-0.13719,-0.25669
2,0.39544,0.53787,0.70618,0.93061,1.2025,1.483,1.7593,2.0355,2.1822,2.2685,2.1822,1.9405,1.5046,0.99535,0.59397,0.32639,0.080383,0.028593,-0.027514,-0.062041,-0.08362,-0.057725,-0.066357,-0.062041,-0.070672,-0.057725,-0.057725,-0.018882,-0.040461,0.0070133,-0.062041,-0.070672,-0.053409,-0.087936,-0.079304,-0.10952,-0.12246,-0.13973,-0.16131,-0.10952,-0.11383,-0.13541,-0.14836,-0.14836,-0.14836,-0.1872,-0.16994,-0.14404,-0.18289,-0.16131,-0.16562,-0.14836,-0.16994,-0.15699,-0.16562,-0.036145,0.045856,0.067435,0.080383,0.10196,0.0070133,-0.066357,-0.17857,-0.18289,-0.18289,-0.21741,-0.18289,-0.20446
2,0.26897,0.30685,0.44889,0.45836,0.58147,0.66669,0.89396,0.99812,1.2065,1.3864,1.5758,1.5947,1.5,1.1591,0.89396,0.43942,0.20269,0.0038296,-0.1098,-0.13821,-0.18556,-0.27078,-0.25185,-0.26132,-0.18556,-0.22344,-0.18556,-0.27078,-0.1098,-0.17609,-0.16662,-0.25185,-0.21397,-0.16662,-0.18556,-0.2045,-0.15715,-0.24238,-0.31813,-0.25185,-0.26132,-0.24238,-0.3276,-0.30866,-0.28972,-0.4223,-0.33707,-0.38442,-0.33707,-0.44124,-0.33707,-0.37495,-0.39389,-0.36548,-0.30866,-0.38442,-0.31813,-0.18556,-0.090865,-0.024579,-0.26132,-0.46964,-0.59275,-0.77267,-0.72532,-0.64009,-0.4507,-0.4507
1,0.26577,0.34257,0.40725,0.50427,0.64172,0.79938,1.0015,1.2926,1.5958,1.9232,2.3153,2.6791,3.0187,3.2572,3.2411,2.9621,2.3881,1.7292,1.1107,0.60534,0.26981,0.083853,-0.0010404,-0.077848,-0.065721,-0.098061,-0.11019,-0.094018,-0.041466,-0.057636,-0.073806,-0.057636,-0.053593,-0.069763,-0.053593,-0.085933,-0.11019,-0.081891,-0.13444,-0.17487,-0.17891,-0.17487,-0.20721,-0.22742,-0.24359,-0.2638,-0.23551,-0.27997,-0.28806,-0.28806,-0.28402,-0.31636,-0.3204,-0.31231,-0.33657,-0.3204,-0.33253,-0.34061,-0.30019,-0.34465,-0.32444,-0.34465,-0.34465,-0.35678,-0.34465,-0.35678,-0.35274,-0.36487
1,0.18123,0.1966,0.21965,0.35794,0.38867,0.49624,0.58843,0.74209,0.86502,1.0033,1.1416,1.2338,1.2492,1.157,0.98795,0.77283,0.5116,0.24269,0.042935,0.019886,-0.056945,-0.11073,-0.14146,-0.11073,-0.087677,-0.11073,-0.087677,-0.064628,-0.056945,-0.033896,-0.049262,-0.079994,-0.041579,-0.010847,-0.049262,-0.12609,-0.12609,-0.15682,-0.26439,-0.15682,-0.20292,-0.18756,-0.18756,-0.20292,-0.18756,-0.21829,-0.24902,-0.26439,-0.24902,-0.26439,-0.29512,-0.32585,-0.31049,-0.31049,-0.33354,-0.31049,-0.40268,-0.31049,-0.32585,-0.32585,-0.40268,-0.34122,-0.27975,-0.32585,-0.31049,-0.34122,-0.35658,-0.35658
1,-0.043242,-0.010745,0.032583,0.075912,0.15174,0.1409,0.21131,0.31964,0.36838,0.48212,0.53628,0.73126,0.92624,1.1266,1.3758,1.6574,1.939,2.1232,2.3182,2.3073,2.1178,1.782,1.3108,0.86124,0.52545,0.3088,0.11924,0.054248,0.032583,0.048832,0.021751,0.005503,0.054248,0.054248,0.1409,0.11924,0.11924,0.15174,0.11924,0.10841,0.10841,0.10841,0.13549,8.69E-05,0.054248,0.06508,0.06508,0.027167,0.054248,0.016335,-0.0053291,-0.0053291,0.021751,-0.032409,-0.010745,-0.032409,8.69E-05,-0.010745,-0.010745,-0.032409,-0.021577,8.69E-05,-0.016161,-0.032409,0.005503,-0.054074,0.027167,-0.032409
1,0.21033,0.19944,0.27566,0.39,0.50978,0.64044,0.77111,0.95077,1.1958,1.4898,1.762,2.0124,2.2683,2.35,2.3445,2.1758,1.7892,1.3156,0.84189,0.51522,0.22666,0.12322,0.036109,-0.01289,-0.045557,-0.045557,0.014332,0.014332,-0.01289,-0.029224,-0.0074461,0.019776,0.0088872,-0.034668,0.030665,-0.018335,-0.051002,-0.051002,-0.029224,-0.10545,-0.14356,-0.149,-0.17078,-0.18711,-0.20889,-0.20889,0.439,-0.25245,-0.27967,-0.247,-0.25789,-0.23611,-0.27422,-0.32322,-0.296,-0.32322,-0.31778,-0.36133,-0.31233,-0.30689,-0.31233,-0.36133,-0.35589,-0.31778,-0.32322,-0.36133,-0.30145,-0.345
1,0.1008,0.15592,0.18347,0.17429,0.28911,0.34422,0.4177,0.53711,0.69786,0.90453,1.0699,1.4235,1.745,2.0986,2.489,2.8473,3.1182,3.256,3.0356,2.5533,1.8323,1.1571,0.64734,0.30288,0.1008,-0.018607,-0.041571,-0.082906,-0.096684,-0.059942,-0.064535,-0.059942,-0.041571,-0.014015,-0.0094219,-0.018607,-0.027793,-0.027793,-0.064535,-0.055349,-0.11505,-0.10128,-0.15639,-0.1518,-0.19313,-0.20232,-0.21609,-0.23447,-0.22069,-0.28039,-0.26202,-0.28039,-0.2758,-0.28039,-0.29876,-0.28958,-0.29876,-0.29876,-0.30795,-0.29876,-0.32632,-0.29876,-0.32632,-0.33091,-0.32632,-0.33551,-0.34469,-0.32632
2,-0.089899,-0.043626,-0.0076365,0.09005,0.16203,0.27514,0.41396,0.61447,0.79442,0.99494,1.1903,1.3291,1.396,1.432,1.3137,1.1543,0.85612,0.57848,0.31627,0.19802,0.064343,0.0077877,-0.048768,-0.043626,-0.069333,-0.059051,-0.059051,-0.043626,0.023212,0.012929,0.038636,0.069485,0.059202,0.064343,0.05406,0.074626,0.05406,0.038636,0.033495,0.018071,-0.0024951,-0.0024951,-0.012778,-0.023061,-0.012778,0.0077877,-0.064192,-0.053909,-0.012778,-0.017919,-0.033343,-0.033343,-0.048768,-0.033343,-0.048768,-0.033343,-0.033343,-0.017919,-0.038485,-0.0076365,0.11576,0.16203,0.20316,0.27514,0.34198,0.20316,0.064343,-0.074475
1,0.21849,0.26862,0.30762,0.29648,0.47474,0.60286,0.70314,0.89254,1.1209,1.3215,1.6724,1.8786,2.1627,2.3186,2.3911,2.4356,2.1069,1.6557,1.2324,0.75884,0.39675,0.24634,0.15721,0.09036,0.040224,0.040224,0.0012288,0.073648,0.045794,0.056936,0.073648,0.084789,0.073648,0.15721,0.11821,0.079218,0.056936,0.01237,-0.0043419,-0.060049,-0.048907,-0.093473,-0.099044,-0.14918,-0.15475,-0.17703,-0.1269,-0.14361,-0.17146,-0.19375,-0.19932,-0.24945,-0.22717,-0.27173,-0.27731,-0.26616,-0.25502,-0.24388,-0.26616,-0.28845,-0.29402,-0.31073,-0.25502,-0.27731,-0.24388,-0.29959,-0.23274,-0.29402