2,0.39815,0.50392,0.5259,0.6073,0.57289,0.8041,0.72174,0.6883,-0.41905,-0.85395,-0.92464,-0.59134,-0.45592,-0.058858,-0.011106,0.19553,0.27646,0.26734,0.34066,0.39272,0.41256,0.52252,0.7027,0.71322,0.79314,0.78638,0.84002,0.8289,0.86126,0.87135,0.869,0.90895,0.84508,0.8711,0.88145,0.84962,0.89054,0.78536,0.4988,0.40273,-0.49187,-0.12686
2,-1.0944,-1.2513,-1.4177,-1.5015,-1.3545,-1.1938,-1.0366,-0.80411,-0.76007,-0.48943,-0.3729,-0.24395,-0.14796,0.055676,0.1827,0.34624,0.48797,0.55566,0.58059,0.5533,0.58889,0.56041,0.55851,0.68723,0.70853,0.76408,0.74518,0.74754,0.75935,0.83961,0.83355,0.9156,0.9103,1.0196,1.0249,1.0232,1.0818,1.0964,1.1427,1.1427,1.1568,1.1755
1,0.0817,0.05758,0.019309,-0.017998,-0.045013,-0.058199,-0.12284,-0.42194,-0.41229,-0.30451,-0.17494,-0.050343,0.10293,0.10872,0.25344,0.39546,0.58611,0.49443,0.61313,0.56315,0.59141,0.61139,0.53021,0.57431,0.41167,0.4374,0.23106,0.036675,-0.012852,0.16275,0.10872,0.048897,-0.058393,0.41785,0.64323,0.73276,0.73071,0.68825,0.67893,0.63088,0.57376,0.52668
1,-1.4255,-1.4517,-1.4868,-1.5353,-1.5586,-1.5829,-1.62,-1.6021,-1.5187,-1.3317,-1.067,-0.81964,-0.54595,-0.30171,-0.076982,0.16832,0.42748,0.64517,0.95513,1.1231,1.3216,1.4551,1.5155,1.6304,1.6821,1.8094,1.9846,1.8922,1.8169,1.7685,1.7251,1.6503,1.5158,1.3787,1.2184,1.0256,0.87072,0.67111,0.52028,0.38665,0.27756,0.20898
1,-0.50086,-0.52962,-0.56982,-0.62499,-0.67811,-0.71273,-0.74457,-0.76908,-0.7996,-0.82249,-0.8467,-0.86915,-0.88799,-0.907,-0.91052,-0.92402,-0.93106,-0.47235,0.21811,0.35633,0.54913,0.68219,0.8794,1.0624,1.2041,1.3039,1.4453,1.5974,1.7267,1.7781,1.8579,1.9494,1.9877,1.9705,1.9155,1.3129,0.99249,0.86584,0.73137,0.62602,0.49924,0.40915
2,-0.18521,-0.11495,0.11972,0.12774,0.2871,0.11832,-0.33943,-0.40273,-0.3796,-0.31763,-0.09183,-0.04318,0.021799,0.43516,0.54793,0.68072,0.83313,0.77627,0.86222,0.45886,0.76724,0.54272,0.54271,0.50219,0.50924,0.51911,0.56384,0.61661,0.61661,0.64096,0.63454,0.62048,0.61083,0.65702,0.68862,0.79307,0.80864,0.86024,0.88236,0.8975,0.94683,0.95241
2,-0.02683,-0.058356,-0.051583,-0.15076,-0.11128,-0.1547,-0.020105,-0.068467,-0.19872,-0.40082,-0.44647,-0.5016,-0.47833,0.67005,0.84461,0.98198,1.0531,0.94031,0.9698,0.95371,0.96293,0.99332,1.0055,1.0248,0.99849,1.0207,1.0292,1.0889,1.0957,1.0951,1.0889,1.0763,1.091,1.1091,1.1463,1.1777,1.2293,1.2567,1.2483,1.3061,1.3145,1.3712
1,-1.5141,-1.5034,-1.5444,-1.5876,-1.6176,-1.6399,-1.6636,-1.6259,-1.5211,-1.303,-0.90455,-0.53805,-0.28647,0.003158,0.25862,0.5071,0.71986,0.89223,1.0693,1.2137,1.428,1.5724,1.6858,1.7437,1.8054,1.6843,1.5227,1.5631,1.6179,1.6105,1.5942,1.595,1.5363,1.4105,1.2566,1.06,0.88835,0.71597,0.56877,0.4543,0.34807,0.2726
2,0.59207,0.44457,0.33315,0.24549,0.13955,0.044638,0.02094,-0.11388,-0.10783,0.018303,0.011633,0.13882,0.44895,0.82988,1.1811,1.1814,1.0503,1.0986,1.1243,1.1451,1.0465,1.1601,0.41455,0.44331,0.50379,0.52585,0.55124,0.56292,0.56104,0.55971,0.57118,0.57371,0.60186,0.63237,0.66342,0.67118,0.69134,0.71961,0.67505,0.67053,0.66859,0.67796
1,-0.26791,-0.30235,-0.33159,-0.35838,-0.37922,-0.39602,-0.41353,-0.4342,-0.45235,-0.47073,-0.48532,-0.49349,-0.46606,-0.33387,-0.062468,0.2063,0.47836,0.68356,0.89676,1.0564,1.1203,1.2669,1.3847,1.4851,1.5405,1.6759,1.7064,1.7358,1.7273,1.6853,1.6123,1.5983,1.4574,1.2954,1.1652,1.0678,1.0789,-0.10011,-0.3219,-0.55186,-0.6486,-0.78007
1,-0.62947,-0.67075,-0.6922,-0.71807,-0.73797,-0.76145,-0.77998,-0.82269,-0.84879,-0.85783,-0.87736,-0.87736,-0.88675,-0.87844,0.05456,0.3707,0.6016,0.77997,1.034,1.2345,1.295,1.3879,1.6511,1.2782,0.96503,-7.2174,0.68803,0.60796,0.56644,0.58126,0.55309,0.58296,0.58868,0.59609,0.59016,0.56742,0.50515,0.45967,0.47806,0.42458,0.32325,0.15243
2,-0.21062,-0.11958,-0.14598,-0.089906,-0.13204,-0.11151,-0.088813,0.030626,-0.017302,-0.047656,-0.10309,0.12919,0.16546,0.23426,-0.028468,-0.013137,0.031719,0.084138,0.11467,0.18866,0.18431,0.17388,0.20604,0.25289,0.4567,0.55756,0.69637,0.78246,0.82381,0.91896,0.98008,0.87602,0.84983,0.77857,0.65694,0.5104,0.51147,0.66654,0.52685,0.47648,0.45241,0.49109
2,-0.032347,-0.022037,0.0094025,-0.099033,-0.060332,-0.011448,-0.090197,-0.0946,-0.079543,-0.20723,-0.32615,-0.36175,-0.33222,0.72642,0.72567,0.87659,0.92316,0.92856,0.92165,0.9424,0.97236,0.9689,0.99155,1.0267,1.006,1.015,1.0495,1.0628,1.0822,1.0612,1.077,1.0612,1.1012,1.1376,1.2113,1.2789,1.2731,1.3065,1.2525,1.3507,1.3016,1.4155
1,-1.4502,-1.5111,-1.5375,-1.5927,-1.6312,-1.6804,-1.692,-1.7561,-1.8353,-1.8377,-1.8233,-1.4494,-0.90345,-0.46778,-0.09407,0.2806,0.48715,0.57041,0.62885,0.77055,0.81186,0.90265,0.96509,0.9803,1.0837,1.2221,1.2586,1.4248,1.5151,1.5991,1.6121,1.632,1.6064,1.5429,1.4751,1.347,1.3777,1.2341,1.0645,0.97024,0.91946,0.77536
1,-1.0381,-1.0775,-1.1015,-1.137,-1.1706,-1.2126,-1.2326,-1.277,-1.3338,-1.3612,-1.3971,-1.4211,-1.4363,-1.4583,-1.4583,0.24214,1.0183,1.4975,1.8754,2.1878,1.165,0.9618,0.99482,0.87171,0.68725,0.67419,0.67861,0.68821,0.82395,0.86018,0.79613,0.86311,0.80093,0.81502,0.81663,0.8309,0.82474,0.76027,0.73392,0.68122,0.44919,0.38573
2,-0.29633,-0.52524,-0.64323,-0.66443,-0.46614,-4.3935,-0.47277,-0.45182,-0.24982,0.07162,0.18893,0.33016,0.48539,-4.3935,0.95231,1.079,1.3201,1.5858,1.7469,0.89952,0.66588,0.75802,0.75673,0.75415,0.75221,0.73736,0.75415,0.77866,0.80135,0.82246,0.83532,0.83017,0.81731,0.81216,0.80521,0.78962,0.8054,0.81699,0.7309,0.65169,0.65869,0.68435
1,0.77854,0.74884,0.726,0.70376,0.64638,0.67266,-1.0125,-1.0125,-1.0125,-1.0125,-1.0125,-1.0125,-1.0125,-1.0125,-1.0125,0.82923,-1.0125,0.73562,0.71393,0.67929,0.63291,0.61466,-1.0125,0.56288,0.52297,0.55399,0.69676,0.92507,1.3198,-1.0125,1.6402,1.3246,1.0257,1.0129,0.95643,0.90079,0.86506,0.8383,0.80752,0.77123,0.71491,0.66193
1,-0.93323,-0.96281,-0.99211,-1.015,-1.0337,-1.0531,-1.066,-1.0724,-1.0926,-1.1014,-1.0974,-1.0916,-0.97201,-0.68381,-0.36689,-0.086642,0.17931,0.44555,0.68886,0.93444,1.1158,1.2486,1.3538,1.4833,1.5994,1.6935,1.7409,1.7101,1.7051,1.6123,1.5846,1.5476,1.4236,1.4457,1.4316,1.3931,1.2567,1.0706,0.72863,0.44953,0.29676,0.18429
2,-0.5066,-0.47651,-0.39193,-0.35153,-0.3728,-0.35669,-0.33092,-0.24953,-0.13999,-0.038713,0.01566,0.070046,0.16914,0.19765,0.22327,0.24941,0.3108,0.32125,0.30035,0.27943,0.33796,0.37031,0.38803,0.42412,0.44908,0.41481,0.41857,0.37969,0.43383,0.45295,0.51983,0.456,0.50029,0.46209,0.41996,0.34465,0.18295,0.088201,0.055686,0.011713,0.055123,0.0028119
2,-0.40837,-0.32777,-0.34288,-1.4984,-0.21999,-0.47757,-0.62553,-0.60179,-0.4906,-0.42711,-0.492,-0.4682,-0.46605,-0.49328,-0.13824,-0.028,-0.0025731,0.15329,0.08199,0.13191,-1.4848,0.45876,0.46868,0.55498,0.70724,0.77261,0.79337,1.0516,1.1644,1.3739,1.6467,1.7479,0.99273,0.92966,1.066,0.90018,0.89738,0.95912,0.96033,0.94228,0.99907,0.95311
