2,-0.077103,-0.19989,-0.70662,-0.93536,-0.905,-0.94536,-0.96573,-0.98095,-0.88404,-0.78652,-7.5177,-0.65079,-0.62848,-0.52885,-0.33368,-0.14234,-0.095347,-0.045828,-0.070611,-0.27178,0.068569,0.0027535,0.13207,0.27793,-0.03542,-0.26409,-0.28218,-0.18155,-0.18155,-0.19203,-0.18051,-0.14496,-0.10317,-0.10578,0.020968,0.10877,0.13079,0.17219,0.17392,0.21031,0.25998,0.28885
2,1.1849,1.2164,1.2424,1.278,1.3127,1.3553,1.3611,1.3611,1.332,1.2899,1.0344,0.49049,0.0073731,-0.30927,-0.43549,-0.77474,-0.95858,-1.1072,-1.2005,-1.3415,-1.4649,-1.528,-1.5697,-1.6284,-1.5817,-1.5802,-1.4152,-1.3681,-1.2951,-1.2119,-1.1099,-1.0816,-0.83104,-0.71608,-0.63552,-0.43112,-0.25423,-0.092979,0.054245,0.17415,0.28896,0.36295
1,0.494,0.45412,0.39237,0.34529,0.28946,0.25087,0.20649,0.14758,0.097964,-0.016712,-0.11628,-0.17301,-0.23283,-0.28558,-0.32353,-0.35247,-0.38849,-0.42117,-0.4779,-0.53,-0.55977,-0.59818,-0.60057,-0.6535,-0.74805,-0.096471,0.32098,0.39816,-8.4093,0.099067,0.10293,0.030565,-0.21354,-0.38592,0.025096,0.19298,0.22192,0.1805,0.16918,0.12222,0.053527,0.023811
1,0.11567,0.050917,-0.014238,-0.068032,-0.1174,-0.15782,-0.1904,-0.21429,-0.23485,-0.25918,-0.29168,-0.32652,-0.36174,-0.39371,-0.41724,-0.45005,-0.4819,-0.51445,-0.55017,-0.57516,-0.60789,-0.63745,-0.67281,-0.69657,-0.72508,-0.75053,-0.77259,-0.80046,-0.84559,-0.85463,-0.85343,-0.88323,-0.89325,-0.90033,0.19081,0.70851,0.19209,0.060067,0.17972,0.38296,0.41692,0.49505
1,0.25579,0.14651,0.063753,-0.017124,-0.14073,-0.18921,-0.21723,-0.26345,-0.31187,-0.3418,-0.34533,-0.37995,-0.40343,-4.0598,-0.4404,-0.4721,-0.49323,-0.52316,-0.54018,-0.55353,-0.61413,-0.64993,-0.64069,-0.65486,-0.67678,-0.69219,-0.70848,-0.72917,-0.75382,-0.76878,-0.77759,-0.78639,-0.78692,-0.79314,-0.79901,0.2005,0.51392,0.64245,0.91184,1.0879,1.1076,1.1736
2,0.99144,0.98587,0.97193,0.98819,1.036,1.0207,1.0381,1.0416,1.0926,1.1111,1.1419,1.1431,1.0644,0.9103,0.79023,0.12566,-0.35477,-0.47192,-0.77294,-1.1043,-1.2547,-1.4316,-1.6276,-1.7229,-1.8552,-1.8788,-1.9756,-1.9185,-1.9376,-1.8924,-1.7105,-1.7773,-1.755,-1.7328,-1.443,-1.1818,-1.0366,-0.97212,-0.85386,-0.63134,-0.44597,-0.2823
2,1.4012,1.4068,1.4289,1.4215,1.4305,-0.038077,-0.24561,-0.47508,-0.73061,-0.61928,-0.91713,-1.0094,-1.0896,-0.62781,-0.56453,-0.67518,-0.91504,-1.0643,-1.1976,-1.2834,-1.2997,-1.3497,-1.4644,-1.4336,-1.4487,-1.3692,-1.2975,-1.2469,-1.2067,-1.048,-0.93953,-0.88661,-0.887,-0.92488,-0.92488,-0.89929,-0.93571,-0.90679,-0.86748,-0.92565,-0.93407,-0.91541
1,0.19184,0.13167,0.0716,0.010147,-0.027902,-0.080314,-0.11875,-0.15509,-0.18491,-0.19981,-0.25308,-0.28958,-0.32452,-0.36754,-0.40411,-0.44837,-0.49053,-0.5365,-0.56867,-0.59396,-0.63589,-0.6725,-0.71443,-0.74421,-0.78653,-0.81759,-0.84554,-0.87549,-0.91143,-0.9263,-0.94538,-0.95669,-0.97692,-0.969,0.38441,0.33876,-0.19019,-0.1995,0.0117,0.2394,0.16731,0.31586
2,0.71574,0.77874,0.91332,0.90228,0.93577,0.9102,0.878,0.878,0.87222,0.83834,0.816,0.7484,0.37423,-0.15895,-0.55215,-0.89098,-1.1398,-1.3485,-1.5066,-1.7092,-1.85,-1.9327,-1.9417,-1.9883,-2.0104,-2.023,-1.9847,-1.8947,-1.8351,-1.7101,-1.5952,-1.43,-1.2015,-1.0099,-0.82673,-0.70117,-0.58242,-0.43824,-0.2441,-0.095196,0.00043707,0.066628
1,-0.8131,-0.72555,-0.84567,-0.92262,-0.99835,-1.0592,-1.1171,-1.1673,-0.33474,-0.23038,-0.18416,-0.19,-0.19598,-0.21334,-3.8693,-0.21042,-0.21013,-0.23231,-0.24369,-0.26558,-0.2774,-0.28805,-0.30497,-0.29447,-0.31198,-0.30147,-0.30673,-0.11062,-0.64641,-0.48313,-0.34817,-0.21101,-0.0077508,0.15348,0.068853,0.085925,0.17654,0.25416,-3.8693,0.38782,0.42482,0.36389
1,-0.063559,-0.21255,-0.3035,0.19191,0.29275,0.34006,0.35488,0.3581,0.35142,0.33437,0.31336,0.29656,0.27061,0.24763,0.21056,0.29275,0.16236,0.096079,0.059306,0.023717,-0.0079173,-0.047459,-0.12753,-0.075633,-0.24557,-0.28916,-0.3292,-0.39889,-0.45277,-0.50951,-0.53976,-0.55518,-0.57196,-0.53502,-0.60909,-0.59364,0.063118,0.03558,0.071909,0.28173,0.46086,0.69693
2,0.49109,0.45957,-5.7545,0.52542,0.5297,0.4825,0.43777,0.50309,0.47605,0.3975,0.37163,0.30574,0.22051,0.17301,0.13123,0.13427,0.10014,0.019471,-0.065536,-0.16265,-0.18166,-0.30384,-0.3526,-0.47602,-0.66837,-0.73466,-0.80224,-0.84626,-0.86886,-0.83196,-0.7124,-5.7545,-0.37701,-0.30384,-0.17902,-0.086608,0.013494,0.026472,0.168,0.21125,0.23208,0.3522
2,1.3784,1.4456,1.4656,1.4283,1.4955,-0.33765,-0.47085,-0.76959,-0.8716,-0.89754,-0.82157,-0.9567,-1.1077,-0.92331,-0.65271,-0.58771,-0.85598,-0.9493,-1.1322,-1.2293,-1.2565,-1.3293,-1.5015,-1.3002,-1.305,-1.2097,-1.1362,-1.131,-1.1455,-1.0281,-0.98108,-0.9209,-0.90373,-0.97627,-0.98108,-0.96663,-0.97747,-0.98521,-0.98349,-1.0404,-0.98976,-0.94063
1,0.70811,0.63445,0.54575,0.44472,0.36226,0.27099,0.20374,0.13289,0.090863,0.040426,0.040427,0.021213,-0.030024,-0.091668,-0.12289,-0.15651,-0.21175,-0.2718,-0.30542,-0.34289,-0.35346,-0.43031,-0.49756,-0.57922,-0.62245,-0.62085,-0.66088,-0.67048,-0.73293,-0.74134,-0.84941,-0.88744,-0.88344,-0.89304,-0.86382,-0.87343,-0.85782,0.020012,-0.098874,0.18453,0.42831,0.72572
1,0.33464,0.31121,0.28407,0.2329,0.17068,0.13603,0.079186,-0.007428,-0.069197,-0.12164,-0.17448,-0.23757,-0.29681,-0.39768,-0.45436,-0.48307,-0.50272,-0.52663,-0.55798,-0.58762,-0.64778,-0.71727,-0.76805,-0.82358,-0.89051,-0.91188,-0.94591,-0.99138,-1.0258,-1.0532,-1.0515,-1.0436,-1.0394,-1.0404,0.23125,1.4966,2.0412,2.4684,1.3244,1.0831,1.0854,1.2166
2,0.67347,0.66258,0.63477,0.58158,0.48149,0.35381,0.27884,0.19572,0.1604,0.10765,0.032583,-0.032577,-0.083859,-0.1437,-0.19401,-0.23434,-0.66373,0.025263,0.035576,-0.044384,-0.22512,-0.3973,-0.55928,-0.68428,-0.79954,-0.84238,-0.98172,-1.1959,-1.3043,-1.2973,-1.2584,-1.2952,-1.2008,-1.0802,-0.94311,-0.78511,-0.59541,-0.40522,-0.28147,-0.10687,0.11478,0.37544
1,0.61339,0.57297,0.53773,0.73631,0.97459,1.0644,1.3719,1.6176,1.528,1.3471,1.2011,-1.0125,1.2724,1.5788,1.5019,-1.0125,-1.0125,-1.0125,-1.0125,-1.0125,-1.0125,-1.0125,-1.0125,-1.0125,-1.0125,-1.0125,-1.0125,-1.0125,-1.0125,-1.0125,-1.0125,-1.0125,-1.0125,-1.0125,-1.0125,-1.0125,-1.0125,-1.0125,-1.0125,-1.0125,-1.0125,-1.0125
1,0.081312,-0.028646,-0.12094,-0.17985,-0.26312,-0.32625,-0.37828,-0.42282,-0.45755,-0.51831,-0.56595,-0.61998,-0.65535,-0.69188,-0.72979,-0.76583,-0.81045,-0.85717,-0.89659,-0.93707,-0.96737,-0.99736,-1.0361,-1.0585,-1.0848,-1.1164,-1.1416,-1.1641,-1.1519,-1.045,-0.82806,-0.53709,-0.27085,-0.030895,0.22903,0.47759,0.63666,0.84297,0.99086,1.1245,1.197,1.3731
2,0.0015547,-6.1087,0.079336,0.077643,0.1479,0.205,0.21655,0.17314,0.17384,0.13931,0.10297,0.12994,0.15982,0.14209,0.26268,0.297,0.32683,0.40219,0.42065,0.46846,0.50962,0.51273,0.53759,0.55345,0.57277,-6.1087,0.45877,0.32334,0.2543,0.060756,-0.33092,-0.21819,-0.25488,-0.38247,-0.35813,-0.31967,-0.20619,-0.018576,0.05794,0.1156,0.15435,0.17791
2,0.95211,0.92405,0.89739,0.86286,0.905,0.95492,0.87828,0.9026,0.92685,0.81828,0.77472,0.85804,0.89418,0.85488,0.80019,0.71934,0.62987,0.47548,0.2323,-0.0051373,-0.11248,-0.24695,-0.33929,-0.46317,-0.62082,-0.74022,-0.83704,-0.90927,-0.95917,-2.275,-1.3826,-1.5678,-1.8879,-1.8499,-1.8403,-1.6429,-1.2009,-1.4552,-1.5726,-1.5181,-1.722,-1.8265
