2,0.99364,2.2738,2.9139,2.2738,1.6337,0.14021,-0.71322,-1.1399,-0.92658,-0.49987,-0.92658,-1.5667,-1.78,-1.9934,-2.2067,-1.78,-1.3533,-0.71322,-0.49987,-0.28651,0.35356,0.35356,0.78028,0.78028,0.78028,0.56692,0.56692,0.35356,0.56692,0.56692,0.56692,0.35356,0.35356,0.14021,0.14021
1,-0.060775,-0.34439,1.9246,3.6263,1.9246,0.50646,-0.62801,-1.1953,-0.91163,0.22284,1.3573,0.50646,-1.1953,-2.3297,-2.0461,-0.91163,-0.34439,-0.34439,-0.91163,-0.91163,-0.34439,0.22284,0.22284,0.50646,0.79008,0.79008,0.79008,0.79008,0.79008,0.79008,1.0737,0.79008,0.50646,0.22284,0.22284
2,0.61165,1.3174,2.0231,2.2584,2.0231,1.7879,0.3764,-0.79984,-1.5056,-1.9761,-1.2703,-0.79984,-1.2703,-1.5056,-1.9761,-1.5056,-1.0351,-0.79984,-0.32935,-0.32935,0.14115,0.3764,0.61165,0.84689,0.61165,0.61165,0.3764,0.3764,0.14115,0.14115,0.14115,0.14115,0.14115,0.3764,0.14115
2,0.6445,1.2038,1.9495,2.1359,2.1359,1.3902,0.45807,-0.66048,-1.2198,-1.4062,-1.2198,-0.8469,-0.8469,-1.4062,-1.779,-1.5926,-1.2198,-0.8469,-0.47405,-0.47405,-0.28763,0.085223,0.27165,0.45807,0.45807,0.45807,0.45807,0.45807,0.27165,0.085223,0.085223,0.085223,0.085223,0.27165,0.085223
1,0.8053,1.4248,1.2183,1.8377,1.4248,0.59882,-0.64011,-0.8466,-0.8466,-0.43362,-0.43362,-1.2596,-1.879,-2.292,-2.0855,-1.0531,-0.64011,-0.8466,-0.8466,-0.22714,0.39233,0.8053,0.39233,0.18584,-0.020649,-0.020649,0.18584,0.39233,0.39233,-0.020649,-0.020649,-0.020649,-0.020649,0.39233,0.39233
2,1.2042,2.5392,2.5392,2.3485,1.9671,1.0135,-0.32149,-1.0843,-1.4658,-1.4658,-1.0843,-1.2751,-1.2751,-1.2751,-1.2751,-1.2751,-1.0843,-0.89363,-0.5122,-0.32149,-0.13077,0.44137,0.44137,0.25065,0.059938,0.44137,0.44137,0.25065,0.25065,0.25065,0.44137,0.44137,0.44137,0.25065,0.25065
2,1.1821,2.0396,2.0396,1.8252,0.96773,-0.10412,-0.74723,-1.3903,-1.6047,-1.176,-0.9616,-1.176,-1.6047,-1.8191,-1.8191,-1.3903,-0.9616,-0.9616,-0.74723,-0.31849,0.11025,0.32462,0.53899,0.32462,0.32462,0.32462,0.53899,0.32462,0.11025,0.11025,0.32462,0.32462,0.32462,-0.10412,-0.10412
2,1.3424,2.0666,2.0666,2.0666,0.98026,0.25606,-0.6492,-1.1923,-1.3734,-1.3734,-1.0113,-1.0113,-1.5544,-1.9166,-1.9166,-1.5544,-1.1923,-0.83025,-0.6492,-0.28709,-0.10604,0.25606,0.43711,0.43711,0.43711,0.43711,0.43711,0.25606,0.25606,0.25606,0.25606,-0.10604,0.075007,0.25606,0.075007
2,0.93054,1.6939,2.4572,2.4572,1.185,-0.087238,-1.105,-1.3595,-1.6139,-0.85057,-0.59613,-1.105,-1.6139,-1.8683,-1.3595,-1.105,-0.85057,-0.85057,-0.85057,-0.59613,-0.087238,0.16721,0.42165,0.67609,0.67609,0.67609,0.67609,0.67609,0.42165,0.16721,0.42165,0.16721,0.16721,0.16721,-0.087238
1,-0.33813,0.01514,1.075,1.7815,1.075,0.01514,-1.0447,-2.1045,-1.398,-0.33813,1.075,0.36841,-0.69141,-1.7512,-1.7512,-1.0447,-0.33813,-0.33813,0.36841,0.36841,0.72169,1.075,0.72169,1.4282,1.075,1.075,0.72169,0.72169,0.36841,0.36841,0.36841,0.01514,0.01514,-0.33813,-0.33813
2,0.7825,1.4803,2.178,2.178,2.3525,1.8292,0.95694,-0.4386,-1.1364,-1.4853,-1.8341,-1.6597,-1.4853,-1.3108,-1.3108,-1.4853,-1.4853,-1.1364,-0.4386,0.084729,0.084729,0.25917,0.25917,0.43361,0.43361,0.43361,0.25917,0.25917,0.25917,0.084729,0.25917,0.25917,0.25917,0.25917,0.25917
1,1.0807,0.027094,-0.18363,1.5022,2.7665,1.0807,-0.18363,-1.0265,-1.2373,-0.60509,0.23782,-0.39436,-1.448,-1.8695,-1.8695,-1.0265,-0.39436,-0.39436,-0.39436,-0.39436,0.23782,0.87,0.87,1.0807,1.0807,1.2915,1.2915,1.0807,0.65928,0.44855,0.23782,0.027094,-0.18363,-0.18363,-0.18363
2,0.85996,2.1273,2.7609,2.9721,2.1273,1.0712,-0.19613,-0.61857,-1.2522,-1.2522,-1.041,-1.2522,-1.2522,-1.4634,-1.2522,-1.041,-0.82978,-0.82978,-1.2522,-0.61857,-0.19613,0.2263,0.2263,0.2263,0.015087,0.2263,0.015087,0.015087,0.015087,-0.19613,0.015087,0.2263,0.015087,0.015087,0.2263
2,0.4466,1.4887,2.1139,2.3223,1.4887,0.65501,0.029773,-1.0123,-1.4291,-1.4291,-1.0123,-1.2207,-1.6375,-1.6375,-1.2207,-0.59546,-0.17864,0.23818,0.23818,0.029773,-0.17864,0.23818,0.23818,0.029773,0.029773,0.23818,0.23818,0.65501,0.86342,1.0718,0.86342,0.4466,0.23818,0.23818,0.23818
2,0.16473,1.213,1.6323,2.0516,1.4227,0.58404,-0.25458,-0.88354,-1.3029,-1.0932,-0.67389,-1.0932,-1.5125,-1.5125,-1.3029,-0.67389,-0.044926,0.16473,0.16473,0.16473,-0.044926,-0.044926,0.16473,0.16473,0.16473,0.58404,1.0033,1.0033,1.0033,0.79369,0.58404,0.37438,0.37438,0.37438,0.58404
2,-0.54621,0.17069,0.64863,1.3655,1.1266,0.40966,-0.30724,-0.78518,-0.78518,-0.54621,-0.30724,-0.30724,-0.78518,-1.2631,-1.5021,-1.0241,-0.54621,0.17069,0.40966,0.40966,0.17069,0.17069,0.17069,0.40966,0.40966,0.40966,0.40966,0.64863,0.8876,0.8876,0.8876,1.1266,0.64863,0.64863,0.40966
1,-0.70754,-0.068472,0.5706,1.5292,2.1683,0.25106,-0.38801,-0.068472,-0.068472,-0.70754,-0.38801,-0.38801,-0.068472,-0.38801,-0.70754,-1.3466,-1.3466,-1.3466,-0.70754,-0.38801,-0.38801,-0.068472,0.25106,0.5706,0.25106,0.25106,0.25106,0.25106,-0.068472,0.25106,0.25106,0.5706,0.5706,0.5706,0.25106
2,0.16467,1.3174,1.0868,0.62574,0.16467,-0.065868,-0.2964,-0.2964,-0.065868,0.16467,-0.2964,-0.98801,-1.4491,-1.6796,-1.4491,-0.52694,0.16467,0.16467,-0.065868,0.16467,0.16467,0.85628,0.85628,0.39521,0.16467,0.16467,0.16467,0.39521,0.85628,0.85628,0.85628,0.62574,0.62574,0.85628,0.85628
1,-0.84621,0.094024,1.0343,1.9745,1.5044,1.0343,0.094024,-1.0813,-1.0813,-0.3761,-0.61116,-1.0813,-2.2566,-2.7267,-1.7865,-0.3761,0.32908,0.7992,0.56414,0.094024,-0.3761,-0.14104,-0.14104,0.094024,0.094024,0.094024,0.094024,0.094024,0.32908,0.56414,0.56414,0.56414,0.56414,0.32908,0.32908
2,1.2565,2.3457,2.3457,2.0734,1.2565,0.16727,-1.1942,-1.4665,-0.92193,-0.64963,-0.64963,-1.4665,-1.7388,-1.7388,-2.0111,-1.7388,-1.1942,-0.64963,-0.64963,-0.37733,-0.10503,0.43957,0.71187,0.71187,0.71187,0.43957,0.43957,0.16727,-0.10503,-0.37733,-0.37733,-0.37733,-0.10503,-0.37733,-0.10503
